
data[0] = 4.000000
data[1] = 5.000000
data[2] = 6.000000
data[3] = 7.000000
data[4] = 8.000000